32
38
35
71
36
41
31
35
74
50
30
73
56
51
51
38
36
44
42
75
40
57
36
51
33
74
121
88
36
35
44
51
39
39
37
45
43
42
36
46
39
33
33
31
31
43
66
45
39
36
38
37
30
35
34
32
35
44
36
32
32
36
39
43
35
50
32
43
49
34
40
35
40
46
37
41
34
40
34
46
39
77
42
82
46
38
95
34
35
32
100
42
32
39
38
31
27
29
25
30
29
27
25
25
25
28
25
33
29
34
25
29
36
26
23
54
74
26
27
58
58
24
26
31
28
32
34
25
73
28
26
31
36
25
29
35
27
32
28
25
29
23
27
26
29
40
36
23
26
89
23
26
52
25
27
38
28
25
24
24
30
29
38
34
27
40
24
35
26
25
30
24
23
31
28
27
28
27
28
28
37
27
26
27
29
26
28
28
31
39
49
71
48
29
31
43
30
30
77
29
24
25
30
29
28
25
24
27
26
45
38
33
48
24
26
28
30
31
42
29
31
25
32
52
46
26
33
37
30
34
38
48
34
26
32
34
30
29
31
26
28
43
32
34
35
31
35
27
39
28
25
24
72
24
33
29
37
288
25
27
25
33
24
26
38
27
27
29
49
41
28
34
124
26
30
26
29
25
74
84
100
26
97
60
57
30
60
28
88
38
27
35
21
26
44
29
99
40
28
30
30
25
27
93
120
25
28
27
36
30
25
28
28
26
29
30
34
35
26
40
37
30
26
49
31
42
35
34
32
27
26
29
30
28
27
27
27
34
28
25
35
30
25
24
23
28
278
84
40
30
27
40
27
28
38
40
28
29
28
39
27
41
27
27
25
27
33
31
27
58
54
31
36
47
28
26
28
26
33
29
30
75
28
41
25
39
31
37
33
32
37
51
77
36
37
51
77
36
30
75
32
38
35
71
36
41
31
35
74
50
30
73
56
51
51
38
36
44
42
75
40
57
36
51
33
74
121
88
36
35
44
51
39
39
37
45
43
42
36
46
39
33
33
31
31
43
66
45
39
36
38
37
30
35
34
32
35
44
36
32
32
36
39
43
35
50
32
43
49
34
40
35
40
46
37
41
34
40
34
46
39
77
42
82
46
38
95
34
35
32
100
42
32
39
38
31
27
29
25
30
29
27
25
25
25
28
25
33
29
34
25
29
36
26
23
54
74
26
27
58
58
24
26
31
28
32
34
25
73
28
26
31
36
25
29
35
27
32
28
25
29
23
27
26
29
40
36
23
26
89
23
26
52
25
27
38
28
25
24
24
30
29
38
34
27
40
24
35
26
25
30
24
23
31
28
27
28
27
28
28
37
27
26
27
29
26
28
28
31
39
49
71
48
29
31
43
30
30
77
29
24
25
30
29
28
25
24
27
26
45
38
33
48
24
26
28
30
31
42
29
31
25
32
52
46
26
33
37
30
34
38
48
34
26
32
34
30
29
31
26
28
43
32
34
35
31
35
27
39
28
25
24
72
24
33
29
37
288
25
27
25
33
24
26
38
27
27
29
49
41
28
34
124
26
30
26
29
25
74
84
100
26
97
60
57
30
60
28
88
38
27
35
21
26
44
29
99
40
28
30
30
25
27
93
120
25
28
27
36
30
25
28
28
26
29
30
34
35
26
40
37
30
26
49
31
42
35
34
32
27
26
29
30
28
27
27
27
34
28
25
35
30
25
24
23
28
278
84
40
30
27
40
27
28
38
40
28
29
28
39
27
41
27
27
25
27
33
31
27
58
54
31
36
47
28
26
28
26
33
29
30
75
28
41
25
39
31
37
33
32
37
51
77
36
37
51
77
36
30
75
32
38
35
71
36
41
31
35
74
50
30
73
56
51
51
38
36
44
42
75
40
57
36
51
33
74
121
88
36
35
44
51
39
39
37
45
43
42
36
46
39
33
33
31
31
43
66
45
39
36
38
37
30
35
34
32
35
44
36
32
32
36
39
43
35
50
32
43
49
34
40
35
40
46
37
41
34
40
34
46
39
77
42
82
46
38
95
34
35
32
100
42
32
39
38
31
27
29
25
30
29
27
25
25
25
28
25
33
29
34
25
29
36
26
23
54
74
26
27
58
58
24
26
31
28
32
34
25
73
28
26
31
36
25
29
35
27
32
28
25
29
23
27
26
29
40
36
23
26
89
23
26
52
25
27
38
28
25
24
24
30
29
38
34
27
40
24
35
26
25
30
24
23
31
28
27
28
27
28
28
37
27
26
27
29
26
28
28
31
39
49
71
48
29
31
43
30
30
77
29
24
25
30
29
28
25
24
27
26
45
38
33
48
24
26
28
30
31
42
29
31
25
32
52
46
26
33
37
30
34
38
48
34
26
32
34
30
29
31
26
28
43
32
34
35
31
35
27
39
28
25
24
72
24
33
29
37
288
25
27
25
33
24
26
38
27
27
29
49
41
28
34
124
26
30
26
29
25
74
84
100
26
97
60
57
30
60
28
88
38
27
35
21
26
44
29
99
40
28
30
30
25
27
93
120
25
28
27
36
30
25
28
28
26
29
30
34
35
26
40
37
30
26
49
31
42
35
34
32
27
26
29
30
28
27
27
27
34
28
25
35
30
25
24
23
28
278
84
40
30
27
40
27
28
38
40
28
29
28
39
27
41
27
27
25
27
33
31
27
58
54
31
36
47
28
26
28
26
33
29
30
75
28
41
25
39
31
37
33
32
37
51
77
36
37
51
77
36
30
75